50
23
23
23
23
23
23
23
23
23
23
23
23
23
23
23
23
23
23
23
23
23
23
24
24
24
24
24
24
24
24
25
25
25
26
26
26
26
26
27
26
27
26
26
26
27
27
28
28
252
252
252
252
252
252
57
57
54
54
54
53
53
53
52
52
52
52
52
52
51
51
51
51
51
51
51
51
51
51
51
51
51
51
50
50
50
50
50
50
50
50
50
50
50
50
50
50
50
50
50
50
50
50
51
51
50
50
51
51
51
51
51
51
51
51
51
52
52
51
52
52
52
53
52
53
53
53
53
55
55
252
252
252
252
252
252
252
252
252
252
252
252
252
252
252
252
252
252
252
252
252
252
252
252
252
252
252
252
252
252
252
252
252
252
252
252
252
252
252
50
54
57
36
33
56
53
55
28
35
30
57
35
31
26
32
32
32
31
30
35
34
31
28
31
33
55
30
48
53
45
48
252
252
252
252
252
252
252
252
252
252
252
252
252
252
252
252
252
252
252
252
45
252
252
252
252
252
46
252
212
46
55
47
62
57
61
60
57
62
63
213
49
49
78
252
252
252
252
252
252
252
252
114
113
113
113
113
112
112
112
112
112
112
112
111
111
112
112
112
112
112
111
111
112
112
111
111
111
111
111
111
111
111
111
111
111
111
112
112
112
112
112
112
112
113
114
115
117
252
252
252
252
252
252
252
252
252
252
252
252
116
116
116
116
116
252
252
252
252
252
252
252
252
252
252
252
252
252
252
252
252
252
28
28
27
26
26
26
25
26
25
25
24
24
24
24
24
24
24
24
24
24
24
24
24
24
24
24
24
24
24
