67
32
255
171
95
95
25
216
114
43
254
224
64
52
190
30
7
220
202
51
237
9
225
140
116
117
188
96
144
63
40
178
35
56
11
39
149
37
83
167
81
78
190
28
244
89
7
158
224
90
168
119
28
75
145
110
207
96
32
15
81
81
219
168
138
131
126
136
12
74
117
77
203
155
8
4
65
163
188
162
43
158
148
49
96
192
71
139
122
125
234
210
39
249
47
190
177
208
59
74
6
38
247
47
248
142
5
176
182
88
160
3
188
0
75
139
197
33
178
120
25
237
199
221
172
217
88
138
118
118
45
137
52
168
89
200
194
21
13
252
115
211
82
249
182
212
58
67
0
58
238
88
16
142
78
105
13
237
36
118
237
236
202
225
130
190
15
131
92
228
60
249
70
174
25
206
240
230
64
207
245
11
240
35
131
196
228
213
172
160
249
63
105
167
252
94
223
34
204
66
36
105
212
136
104
202
247
247
226
63
69
154
106
220
244
27
118
129
163
103
108
248
29
157
60
133
118
31
75
208
98
221
163
228
128
232
157
178
14
65
60
178
115
36
69
232
214
115
68
137
232
243
62
131
185
45
210
183
102
127
113
111
189
210
181
76
218
45
110
207
13
46
149
208
103
139
72
117
244
213
177
205
11
64
5
212
181
143
117
71
149
23
86
205
5
150
236
112
246
149
241
232
60
177
20
202
205
7
11
89
121
66
154
243
86
62
106
169
19
95
103
94
18
218
0
27
126
210
60
19
112
251
111
236
108
138
104
63
141
235
172
240
117
7
21
225
208
251
200
85
71
140
97
80
197
59
67
9
158
205
