5
40
40
40
40
40
40
40
40
40
40
40
40
40
40
40
40
40
40
41
41
41
41
41
41
41
41
41
42
42
42
43
43
44
44
252
252
252
252
252
252
252
252
252
252
252
252
252
252
252
252
252
252
252
252
252
252
252
252
252
252
252
252
252
252
252
252
252
252
252
252
252
252
252
167
167
166
166
166
166
166
166
165
165
165
165
165
165
165
165
165
165
165
165
165
165
165
165
165
165
165
165
165
165
165
165
166
166
166
166
166
167
167
167
167
252
252
252
252
252
252
252
252
252
252
252
252
252
252
252
252
252
252
252
252
252
252
252
252
252
252
252
252
252
252
43
42
41
41
41
41
41
41
40
40
40
40
39
39
39
39
39
39
39
38
38
38
38
38
38
38
38
38
38
38
38
38
38
38
38
38
38
38
38
38
38
38
38
38
38
38
38
38
38
38
38
38
38
38
38
38
38
38
38
38
38
39
39
39
39
39
39
39
39
39
39
39
39
40
40
41
41
41
41
42
41
41
41
42
42
56
42
42
41
41
42
43
43
41
41
41
41
41
41
41
41
41
41
40
40
40
40
40
40
40
40
40
40
39
39
39
39
39
39
39
39
39
39
39
39
39
39
39
39
39
39
39
39
39
39
39
39
40
40
40
40
40
40
40
40
40
40
40
40
40
40
40
41
41
41
41
41
41
41
42
42
42
42
43
43
43
43
43
43
43
44
44
59
58
58
44
44
58
58
58
58
58
43
43
43
43
43
43
43
42
42
42
42
42
42
42
41
41
41
41
41
41
41
41
41
41
41
40
40
40
40
40
40
40
40
40

