50
252
20
20
252
20
20
20
252
20
40
252
252
252
252
252
252
252
252
24
252
252
252
19
20
20
20
20
252
252
252
252
20
252
252
252
252
252
252
252
252
252
252
20
252
252
252
252
31
31
31
30
30
30
29
29
29
29
28
28
28
28
28
27
27
27
27
27
27
27
27
27
26
26
26
26
26
26
26
26
26
26
26
26
26
26
26
26
26
26
26
26
26
26
26
26
26
26
26
26
26
26
26
26
26
26
26
26
26
27
27
27
27
27
27
27
27
27
28
28
28
28
28
29
29
29
29
29
29
41
41
30
30
30
30
41
42
42
29
29
29
29
39
37
31
29
29
29
30
30
28
28
28
28
28
28
28
28
28
28
28
28
28
28
27
27
27
27
27
27
27
27
27
27
27
27
27
27
27
27
27
27
27
27
27
27
27
27
27
27
27
27
27
27
27
27
27
27
27
27
27
27
27
27
27
28
28
28
28
28
28
28
28
29
29
29
29
29
29
30
30
30
31
31
32
252
252
252
252
252
252
252
252
252
252
252
57
252
252
56
56
55
55
55
55
54
54
54
54
53
53
53
53
53
53
53
53
53
53
52
52
52
52
52
52
52
52
52
52
52
52
52
52
52
52
52
52
52
52
52
52
52
52
52
52
52
52
52
53
53
53
53
53
53
53
53
53
53
53
53
53
53
53
54
54
54
54
55
55
56
56
57
56
252
252
252
252
252
252
252
252
252
252
252
252
252
252
252
252
252
252
252
252
252
252
252
252
252
252
252
252
252
252
252
252
252
252
252
252
252
252
252
252
252
252
252
252
252
21
20
20
