50
125
124
125
125
125
125
125
252
125
125
125
124
125
125
125
125
252
252
126
126
252
252
252
252
252
136
252
252
136
136
252
252
252
252
252
252
252
252
252
252
252
252
252
252
252
252
252
252
252
252
252
252
252
252
252
252
252
54
54
53
53
53
53
52
52
52
51
51
51
51
51
51
51
51
51
51
51
50
50
50
50
50
50
50
50
50
50
50
50
50
50
50
50
50
50
50
50
50
50
50
50
50
50
50
50
50
50
51
51
51
51
51
51
51
51
51
51
51
52
52
52
52
52
53
53
54
53
55
54
252
252
252
252
252
252
252
252
252
252
252
252
252
252
252
252
252
252
252
85
83
83
83
82
82
82
82
81
81
81
81
81
81
81
80
80
80
80
80
80
80
80
80
80
80
80
80
80
80
80
80
80
80
80
80
80
80
80
80
80
80
80
80
80
80
80
80
80
80
80
80
80
80
80
81
81
81
81
81
81
81
81
82
82
82
82
83
83
84
252
252
252
252
252
252
252
252
252
252
252
252
252
252
252
252
252
252
252
252
252
252
252
252
252
252
252
252
252
252
252
252
252
252
252
252
252
252
252
252
252
252
252
252
252
252
252
252
252
252
252
252
252
252
252
252
252
252
252
252
252
252
252
252
252
252
252
252
252
252
252
252
252
252
252
252
252
252
252
252
252
252
252
252
252
252
252
252
252
252
252
252
252
252
252
252
27
35
34
252
252
252
32
252
252
252
252
252
252
252
252
252
252
252
252
252
252
252
252
252
252
252
252
252
27
252
252
252
252
252
252
252
125
252
125
125
21
21
20
20
20
20
