7
30
51
53
52
51
52
52
52
52
52
52
52
55
181
181
252
252
252
252
252
252
252
252
252
252
252
252
252
252
252
252
252
252
252
252
252
252
252
252
252
252
252
252
252
252
252
252
252
252
252
252
252
252
252
252
252
56
55
54
54
54
53
53
53
53
52
52
52
52
52
52
52
52
52
51
51
51
51
51
51
51
51
51
51
51
51
51
51
51
51
51
51
51
51
51
51
51
51
51
51
51
51
51
51
51
51
51
51
51
52
52
52
52
52
52
52
52
52
53
53
53
53
53
54
54
54
59
59
59
59
59
59
60
60
60
60
60
60
31
31
30
30
30
30
30
30
29
29
29
29
28
28
28
28
28
28
28
27
27
27
27
27
27
27
27
27
27
27
27
26
26
26
26
26
27
27
27
27
27
27
27
27
27
27
27
27
27
27
27
27
27
27
27
27
27
27
27
27
27
27
27
27
27
27
27
27
27
27
27
27
27
28
28
28
28
28
28
28
29
29
29
29
30
30
31
31
31
31
32
32
32
32
32
31
31
252
252
252
252
252
252
252
252
252
252
252
252
252
252
252
252
252
252
252
252
118
117
117
115
113
113
111
111
111
111
110
110
110
110
110
111
111
111
111
111
111
111
111
111
111
110
110
110
110
110
110
110
111
111
111
252
252
252
252
252
252
252
122
122
122
123
252
252
252
252
252
252
252
252
252
252
252
252
252
252
252
252
252
252
252
252
252
252
252
252
252
252
252
252
252
252
252
252
252
252
252
252
252
252
252
252
252
252
252
252
252
252
252
252
252
252
252
252
252
252
252
252
252
180
46
