-250 -20.4523193551 -20.6524174
-250 -20.4765549845 -19.8318555824
-250 21.0827774511 -20.3604125365
-250 -19.8092250273 -21.0036186369
-250 -20.1749993557 -19.2961885453
-240 -19.2876374647 -19.2453815952
-240 -19.2926376229 -19.5892916342
-240 -19.2137906066 -19.1753728223
-240 -19.3659423002 -19.2375615856
-240 -19.3034518615 -19.5051261412
-230 -18.9665227609 -18.845530082
-230 -18.845628691 -18.7558697022
-230 -18.8681545969 -18.6642184196
-230 -18.8420794165 -18.9030154656
-230 -18.734367907 -18.6650010568
-220 -17.9811984319 -18.3991708263
-220 -18.0141208852 -17.9559503888
-220 -18.0797038936 -17.9043451541
-220 -17.5887052005 -18.1926963753
-220 -18.614154201 -18.0568390027
-210 -17.5779949919 -17.1686048471
-210 -17.3749802167 -17.5603790093
-210 -17.5924751724 -17.4989715251
-210 -17.371529154 -17.1241675231
-210 -17.3964438716 -17.4534381384
-200 -16.477510516 -16.6919001578
-200 -16.7164445103 -16.7290038006
-200 -16.7033071787 -16.4445863454
-200 -16.6084627625 -16.6866859298
-200 -16.8519919343 -16.8848250026
-190 -15.7697772118 -15.9922708157
-190 -15.9026457306 -15.9341818143
-190 -15.9457235264 -15.6569284798
-190 -15.6726396778 -15.900303626
-190 -15.9589607269 -16.0638884612
-180 -15.0202888562 -15.0361783019
-180 -15.0114446276 -15.2750376395
-180 -15.2329628017 -15.3175742362
-180 -15.1272994573 -15.0825910231
-180 -15.1509123703 -15.052102264
-170 -14.2188923506 -14.5433973521
-170 -14.1960726496 -14.5414145482
-170 -14.2430972145 -14.2170220325
-170 -14.2364454122 -14.2886585775
-170 -14.2514455744 -14.4627891101
-160 -13.1890677936 -13.7683929758
-160 -13.3769789178 -13.7070675687
-160 -13.3077381882 -13.4883918119
-160 -13.3537392659 -13.3532317955
-160 -13.3049396021 -13.6597187738
-150 -12.8000904334 -12.9213578478
-150 -12.7375097653 -12.9009272755
-150 -12.8354629994 -12.7447403054
-150 -12.8610148631 -12.9010256675
-150 -12.8064814995 -12.7781173713
-140 -11.6940614932 -12.2825512099
-140 -11.679200521 -12.1592066852
-140 -11.7060958396 -11.8534797963
-140 -11.7024876979 -11.6741891467
-140 -11.6443320407 -12.062991173
-130 -10.8939746293 -11.2340454728
-130 -11.0291060108 -11.4030534896
-130 -10.9593713324 -11.0188863312
-130 -10.7981955035 -10.9083846111
-130 -10.8705973958 -10.8760757059
-120 -10.0537550239 -10.0869238389
-120 -9.93147794548 -10.0106598244
-120 -10.019794497 -10.2878515958
-120 -10.0352746969 -10.499674393
-120 -10.1943824122 -10.2891369234
-110 -9.11207860791 -9.33265108982
-110 -9.06367573512 -9.36200566602
-110 -9.14915404127 -9.61151687235
-110 -8.60739253494 -9.53566342653
-110 -9.52697863277 -9.32376431501
-100 -8.41380275814 -8.28390960635
-100 -8.23088106495 -8.23262380315
-100 -8.1851189598 -8.26082410306
-100 -8.15693374829 -8.6882276116
-100 -8.27128142588 -8.68866482036
-90 -7.33519335181 -7.60331757935
-90 -7.43258149406 -7.80526036407
-90 -7.33523928944 -7.79022242508
-90 -7.30114919027 -7.69101913234
-90 -7.2469422122 -7.40127649295
-80 -6.07870923697 -6.63932795081
-80 -6.58943117569 -6.84552670906
-80 -6.44636997252 -6.97002535317
-80 -6.39064120689 -6.85214790996
-80 -6.4192277399 -6.65621032844
-70 -5.5030645772 -5.5381282205
-70 -5.38615452398 -5.54482993943
-70 -5.51580338368 -5.35666321896
-70 -5.34093744692 -5.64827283455
-70 -5.11041797884 -5.61086099905
-60 -4.4397828874 -4.92927210396
-60 -4.74409293094 -4.88845021255
-60 -4.56786107042 -5.11583480915
-60 -4.67584327439 -4.97157584044
-60 -4.79253263951 -4.94428262272
-50 -3.454881495 -3.44873912176
-50 -3.29426978461 -3.36695289889
-50 -3.49440730652 -3.65201004916
-50 -3.49061048276 -3.93783833403
-50 -3.58221855753 -3.8853891931
-40 -1.84840962099 -1.97642778521
-40 -1.98104779406 -2.21283553192
-40 -2.13728088314 -2.43821689927
-40 -2.2187831545 -2.2915925457
-40 -2.05155481226 -2.28421163971
-30 -0.0 -0.0
-30 -0.0 -0.0
-30 -0.0 -0.0
-30 -0.0 -0.0
-30 -0.0 -0.0
-20 -0.0 -0.0
-20 -0.0 -0.0
-20 -0.0 -0.0
-20 -0.0 -0.0
-20 -0.0 -0.0
-10 -0.0 -0.0
-10 -0.0 -0.0
-10 -0.0 -0.0
-10 -0.0 -0.0
-10 -0.0 -0.0
0 -0.0 -0.0
0 -0.0 -0.0
0 -0.0 -0.0
0 -0.0 -0.0
0 -0.0 -0.0
10 -0.0 -0.0
10 -0.0 -0.0
10 -0.0 -0.0
10 -0.0 -0.0
10 -0.0 -0.0
20 -0.0 -0.0
20 -0.0 -0.0
20 -0.0 -0.0
20 -0.0 -0.0
20 -0.0 -0.0
30 -0.0 -0.0
30 -0.0 -0.0
30 -0.0 -0.0
30 -0.0 -0.0
30 -0.0 -0.0
40 2.08994480224 2.33425915286
40 2.15365712196 2.3000812732
40 2.14405049505 2.36922665773
40 2.14937247022 2.52059618248
40 2.37017599106 2.5155806953
50 3.69377249834 4.0838937717
50 3.8341438885 4.1382455705
50 3.82638800804 4.21179336115
50 3.91026014402 4.05561091163
50 3.72367519656 3.86526281875
60 4.7866612149 4.9205746797
60 4.81649067293 5.13144581849
60 4.78342985409 5.00361729409
60 4.72332646289 4.86049765484
60 4.85956522572 4.86651430026
70 5.61840380741 5.83317917961
70 5.49137026277 6.02420741547
70 5.63697822846 6.03528275148
70 5.47856549736 5.93195774636
70 5.60842056054 5.84610856108
80 6.36542386344 6.77311240674
80 6.39746719309 6.78439780701
80 6.42640598299 6.94751513759
80 6.40800065535 6.86572691241
80 6.39989747912 6.8613176622
90 7.37947728121 7.86054701781
90 7.421447103 7.8175317367
90 7.39923955012 7.7767944344
90 7.41717054271 7.86345228794
90 7.49702966162 7.73222722053
100 8.37255099623 8.60685958273
100 8.38123973797 8.70210403679
100 8.35159531371 8.87324692611
100 8.35085237086 8.74154283525
100 8.41012622706 8.70761251169
110 9.44216440072 9.52617946614
110 9.33181793005 9.71426948456
110 9.33474405471 9.78488094323
110 9.33664701998 9.72884008402
110 8.30795928539 8.98674733685
120 10.075608384 10.412942447
120 10.1820019206 10.6448734628
120 10.2406598836 10.6085243197
120 10.0570340884 10.5178574141
120 10.2145517558 10.4319926815
130 11.0278000463 11.2712567774
130 10.8226023093 11.286708592
130 11.0190183259 11.4127974286
130 11.0536044698 11.4187314819
130 11.1352770206 11.3156349646
140 11.9555645299 12.3069171176
140 11.8597158072 12.4023807899
140 11.8581665167 12.3252858043
140 11.9553488308 12.1724524701
140 11.9275241083 12.2337839797
150 12.6879545831 12.866958278
150 12.8708589137 12.8708589137
150 12.8776424012 12.7796460868
150 12.8134865278 12.8117289913
150 12.83311912 12.8228162122
160 13.7124318707 13.9395860524
160 13.5446111761 13.9259171571
160 13.6566622799 13.8721715306
160 13.6223048849 14.0290194421
160 13.5852026667 13.9370127316
170 14.4201676818 14.6609826602
170 14.4092923072 14.6536030675
170 14.312237222 14.7833546338
170 14.2685704077 14.7138390445
170 14.4058429144 14.6707082721
180 15.2754027906 15.6936663788
180 15.2098437476 15.6678709018
180 15.2524366549 15.5611634913
180 15.3179623937 15.6263925209
180 15.2524100393 15.6228505608
190 15.9864501366 16.3857628684
190 16.1596344852 16.4893720709
190 16.1542505308 16.2823733561
190 15.8624666231 16.4119847465
190 16.3887649398 16.4771912213
200 17.0400762737 17.2755722185
200 16.7980808086 16.3448450791
200 16.911471809 17.979853451
200 16.7288745966 17.2260327943
200 16.9672273705 17.0734715121
210 17.478124032 17.8433799426
210 17.4522518953 17.9052497038
210 17.5370353596 17.7183210919
210 17.4281968743 17.7772903298
210 17.4491308759 17.7657276344
220 18.3677741576 18.3987570154
220 18.2939872205 18.6697231747
220 18.1927181186 18.615106426
220 18.2610223688 18.4930711609
220 18.2631827184 18.5702965362
230 18.8542013057 19.2646987804
230 18.7924232538 19.1864380158
230 18.6169819578 19.024386908
230 18.7697079302 19.1274743056
230 18.8495793563 19.1461865842
240 19.1848681359 19.5857788251
240 19.195967035 19.524216023
240 19.2454535259 19.7003112362
240 19.2356616639 19.5903235386
240 19.2368070435 19.652225928
250 20.0915889449 20.4945034958
250 20.2070476415 20.3119133434
250 20.2226340134 20.4040323039
250 20.2822443066 20.4424787304
250 20.2709131293 20.2905571927

