-250 -17.3071497281 -17.1791761985
-250 -17.2797343381 -16.8329297145
-250 -17.4077577144 -17.1680562572
-250 -17.3975864572 -17.3239297214
-240 -16.2224475358 -16.6335258194
-240 -16.9624754124 -16.3503047397
-240 -16.5290949825 -16.4087034763
-240 -16.5614804125 -16.6370778822
-230 -15.9344041472 -16.0229729517
-230 -16.0706056314 -16.2718634973
-230 -15.9704829411 -15.8417155788
-230 -15.9268205422 -15.9972006039
-220 -16.1833812874 -15.4459255412
-220 -15.3664708609 -15.604132121
-220 -15.3446234943 -15.2741757077
-220 -15.3167338051 -15.3646523279
-210 -14.8190407266 -15.1972763413
-210 -14.6749470517 -14.8563249029
-210 -14.9869311665 -14.8548274526
-210 -14.9145197472 -15.0975455538
-200 -14.1859659463 -14.3399474333
-200 -14.1607865809 -14.1193325883
-200 -14.1666202167 -14.3141328627
-200 -14.3836351811 -14.5775364438
-190 -13.6652074704 -13.8923015975
-190 -13.5205135881 -13.5978939062
-190 -13.5069127379 -13.51499008
-190 -13.5929291781 -13.8368264608
-180 -12.8395475818 -12.8536433905
-180 -12.8135052234 -13.1739999177
-180 -12.8063312427 -12.9311186815
-180 -12.8108837658 -12.8292814715
-170 -12.0551750434 -12.3323271153
-170 -12.0538558926 -12.0674800713
-170 -11.9266465777 -12.2150034689
-170 -11.8644496091 -12.4256165621
-160 -11.4133149192 -11.394476705
-160 -11.5274527947 -11.4720813341
-160 -11.5353453467 -11.7544320302
-160 -11.3665923328 -11.9089081471
-150 -10.6300428494 -10.7052877828
-150 -10.7232842243 -10.8777449386
-150 -10.9172201668 -11.1343892154
-150 -10.6361726319 -11.1485199616
-140 -9.90503277905 -10.2363853131
-140 -9.91586141925 -10.1731670591
-140 -9.87769158626 -10.1536193603
-140 -10.0143012364 -10.3929630591
-130 -9.23286549525 -9.66885713281
-130 -9.42738547012 -9.74151468039
-130 -9.43784149989 -9.68025016317
-130 -9.28938072801 -9.50568963169
-120 -8.63457845676 -9.08979406654
-120 -8.51492126651 -8.80918013963
-120 -8.53803518194 -8.71994204687
-120 -8.42906828325 -8.71670765302
-110 -7.90102771939 -8.07280463633
-110 -7.96089550645 -8.31762858659
-110 -7.8635616324 -7.94837589657
-110 -7.73720350384 -7.95288716798
-100 -7.02836942276 -7.41571169725
-100 -7.03299334196 -7.6537228233
-100 -7.18127247684 -7.42394296331
-100 -7.09060669019 -7.31656723898
-90 -6.32872514882 -6.48116829347
-90 -6.51228025277 -6.35966025897
-90 -6.33351896288 -6.48197848171
-90 -6.35286669737 -6.49772726595
-80 -5.43799043924 -5.60191863049
-80 -5.52546963065 -5.66143654078
-80 -5.49998471622 -5.89185734972
-80 -5.50919242963 -5.81381035808
-70 -4.72716959462 -4.71810317061
-70 -4.80177220652 -4.72513542618
-70 -4.79541462404 -4.6426804034
-70 -4.70862362922 -4.78425482293
-60 -4.05851694821 -4.43990196384
-60 -4.19653833006 -4.4941526504
-60 -4.04120606905 -4.5095671264
-60 -3.97939865018 -4.331764566
-50 -3.04625976799 -3.19806261189
-50 -2.74792778852 -3.13578055437
-50 -2.90319383821 -3.13193574118
-50 -2.97432178956 -3.05339106372
-40 -1.67982927548 -1.75616072812
-40 -1.83224798839 -1.83216518989
-40 -1.90345360559 -2.13291068104
-40 -1.82064679542 -2.12593483006
-30 -0.0 -0.0
-30 -0.0 -0.0
-30 -0.0 -0.0
-30 -0.0 -0.0
-20 -0.0 -0.0
-20 -0.0 -0.0
-20 -0.0 -0.0
-20 -0.0 -0.0
-10 -0.0 -0.0
-10 -0.0 -0.0
-10 -0.0 -0.0
-10 -0.0 -0.0
0 -0.0 -0.0
0 -0.0 -0.0
0 -0.0 -0.0
0 -0.0 -0.0
10 -0.0 -0.0
10 -0.0 -0.0
10 -0.0 -0.0
10 -0.0 -0.0
20 -0.0 -0.0
20 -0.0 -0.0
20 -0.0 -0.0
20 -0.0 -0.0
30 -0.0 -0.0
30 -0.0 -0.0
30 -0.0 -0.0
30 -0.0 -0.0
40 1.89772963554 2.04935320801
40 1.98486287144 1.98087597934
40 1.90525687221 1.90836609821
40 1.6764544272 1.67437160808
50 3.29233300296 3.3620685908
50 3.19922731046 3.35486452097
50 3.19499409178 3.42686992758
50 3.28426185676 3.5116743613
60 4.1924453116 4.41816446255
60 4.34171060881 4.49578216717
60 4.19755189331 4.58088272393
60 4.19776341788 4.57388627876
70 4.96751884466 5.33949976371
70 4.94869628845 5.18407068599
70 4.88801669613 5.1858438918
70 5.01608322835 5.33654335323
80 5.73099466658 5.95085477873
80 5.56180601874 6.03312107216
80 5.80482263957 6.11426297301
80 5.7877731357 6.16648418485
90 6.56134701915 6.80231877764
90 6.7186279951 6.78300869535
90 6.70030768294 6.85229044207
90 6.68829613991 6.9824262557
100 7.15802784187 7.6101207077
100 7.22662215775 7.60486335233
100 7.2485055368 7.61901147514
100 7.39234535827 7.55691961411
110 7.97388211701 8.4457560247
110 8.08411024177 8.36705914283
110 8.05705380674 8.37964075021
110 8.06549819998 8.28473954152
120 8.87687815627 8.7157780512
120 8.75643679057 9.52995522965
120 8.93154140024 9.23771205956
120 8.89007085311 9.184884446
130 9.62265559878 9.92533086763
130 9.60731216951 9.878728073
130 9.52843362556 9.93538343142
130 9.52587115209 9.82490322928
140 10.1190482351 10.3946268881
140 10.1659174182 10.7016733912
140 9.96609174287 10.3980026867
140 10.0377592005 10.5095961996
150 10.8709952877 11.3161713838
150 10.7642885433 11.3031455184
150 10.921586341 11.3692383439
150 10.9239987255 11.3267597574
160 11.5790336817 12.1554607153
160 11.6320371428 12.0083723546
160 11.5903770281 12.0216866592
160 11.7233927624 12.0549237543
170 12.4116400112 12.8363114715
170 12.423084577 12.8394365389
170 12.4143684914 12.8730369367
170 12.4681413174 12.7356280104
180 12.8842311017 13.40735544
180 12.7934879451 13.3974467535
180 12.8446458537 13.3632307932
180 12.8733492252 13.5977993061
190 13.7651156774 14.0145915087
190 13.7697139515 14.1401248486
190 13.6962239257 14.1220860756
190 13.8134664078 14.111426259
200 14.4612338091 14.8615451154
200 14.4845765568 14.8754057763
200 14.5600618109 14.732381447
200 14.4905875685 14.8308812952
210 15.0870027506 15.8608622093
210 15.1213425847 14.6297804838
210 14.8019213476 16.3360059047
210 15.9862634646 15.5511569956
220 15.656955705 16.1188517653
220 15.6780603848 16.044063754
220 15.6999976544 16.0669309193
220 15.7076363138 16.0904114201
230 16.1683327792 16.5959578088
230 16.1462406033 16.5500349621
230 15.9616601058 16.6291014337
230 16.5003822213 16.5470013351
240 16.7178475082 17.1134315106
240 16.7900617029 17.0819197636
240 16.7869115209 16.9880823313
240 16.6565829929 17.1249969242
250 17.4570610792 17.5610924008
250 17.3941676684 17.6652625426
250 17.3747077145 17.5934149168
250 17.4124392027 17.6897788504
